REGULAR:
DIM=(620, 480)
K=np.array([[346.13305635423234, 0.0, 290.8905626692392], [0.0, 343.7285771154338, 253.75965484772235], [0.0, 0.0, 1.0]])
D=np.array([[-0.051854980627940805], [0.2615555846884428], [-0.5659483116953469], [0.3486591895599131]])




FISHEEYE
DIM=(620, 480)
K=np.array([[346.13305635423234, 0.0, 290.8905626692392], [0.0, 343.7285771154338, 253.75965484772235], [0.0, 0.0, 1.0]])
D=np.array([[-0.051854980627940805], [0.2615555846884428], [-0.5659483116953469], [0.3486591895599131]])

